[gd_scene load_steps=7 format=2]

[ext_resource path="res://down.png" type="Texture" id=1]

[sub_resource type="BoxShape" id=1]
extents = Vector3( 11, 0.25, 6 )

[sub_resource type="CubeMesh" id=2]
size = Vector3( 23, 0.5, 12 )

[sub_resource type="SpatialMaterial" id=3]

[sub_resource type="PrismMesh" id=4]
size = Vector3( 10, 5.004, 6 )

[sub_resource type="PrismMesh" id=5]
size = Vector3( 5, 5.004, 6 )

[node name="room" type="Spatial"]

[node name="platform" type="StaticBody" parent="."]
transform = Transform( 1, 0, 0, 0, 1, 0, 0, 0, 1, 0, -0.25, 0 )

[node name="CollisionShape" type="CollisionShape" parent="platform"]
shape = SubResource( 1 )

[node name="MeshInstance" type="MeshInstance" parent="platform"]
mesh = SubResource( 2 )
material/0 = SubResource( 3 )

[node name="Sprite3D" type="Sprite3D" parent="."]
transform = Transform( 1, 0, 0, 0, -4.37114e-08, 1, 0, -1, -4.37114e-08, 0, 0.591693, 6.83542 )
texture = ExtResource( 1 )
region_rect = Rect2( 0, 0, 16, 16 )

[node name="MeshInstance" type="MeshInstance" parent="."]
transform = Transform( 0.707107, -0.707107, 3.09086e-08, 0, -4.37114e-08, -1, 0.707107, 0.707107, -3.09086e-08, -5, 2, 4 )
mesh = SubResource( 4 )
material/0 = null

[node name="MeshInstance5" type="MeshInstance" parent="."]
transform = Transform( 0.707107, 0.707107, -3.09086e-08, 0, -4.37114e-08, -1, -0.707107, 0.707107, -3.09086e-08, -6.5, 2, 6 )
mesh = SubResource( 5 )
material/0 = null

[node name="MeshInstance6" type="MeshInstance" parent="."]
transform = Transform( 0.707107, -0.707107, -3.09086e-08, 0, -4.37114e-08, 1, -0.707107, -0.707107, -3.09086e-08, 9.5, 2, 6 )
mesh = SubResource( 5 )
material/0 = null

[node name="MeshInstance4" type="MeshInstance" parent="."]
transform = Transform( 0.707107, 0.707107, -3.09086e-08, 0, -4.37114e-08, -1, -0.707107, 0.707107, -3.09086e-08, 5, 2, 4 )
mesh = SubResource( 4 )
material/0 = null

[node name="MeshInstance2" type="MeshInstance" parent="."]
transform = Transform( -0.707107, 0.707107, -3.09086e-08, 0, -4.37114e-08, -1, -0.707107, -0.707107, 3.09086e-08, -1.7, 2, -4 )
mesh = SubResource( 4 )
material/0 = null

[node name="MeshInstance3" type="MeshInstance" parent="."]
transform = Transform( -0.707107, -0.707107, 3.09086e-08, 0, -4.37114e-08, -1, 0.707107, -0.707107, 3.09086e-08, 1.7, 2, -4 )
mesh = SubResource( 4 )
material/0 = null
